############# -    Liczba wystapien    -  Wystapienia z rzedu  
Nazwa pliku   - 0 1 2 3 4 5 6 7 8 9 10 - 0 1 2 3 4 5 6 7 8 9 10
outfile 0.txt - -842150355 -842150371 -842150354 -842150353 -842150373 -842150380 -842150347 -842150359 -842150346 -842150371 -842150352 - -842150451 -842150451 -842150451 -842150451 -842150451 -842150451 -842150451 -842150451 -842150451 -842150451 -842150451 
outfile 1.txt - -842150355 -842150371 -842150354 -842150353 -842150373 -842150380 -842150347 -842150359 -842150346 -842150371 -842150352 - -842150451 -842150451 -842150451 -842150451 -842150451 -842150451 -842150451 -842150451 -842150451 -842150451 -842150451 
outfile 2.txt - -842150355 -842150371 -842150354 -842150353 -842150373 -842150380 -842150347 -842150359 -842150346 -842150371 -842150352 - -842150451 -842150451 -842150451 -842150451 -842150451 -842150451 -842150451 -842150451 -842150451 -842150451 -842150451 
outfile 3.txt - -842150355 -842150371 -842150354 -842150353 -842150373 -842150380 -842150347 -842150359 -842150346 -842150371 -842150352 - -842150451 -842150451 -842150451 -842150451 -842150451 -842150451 -842150451 -842150451 -842150451 -842150451 -842150451 
outfile 4.txt - -842150355 -842150371 -842150354 -842150353 -842150373 -842150380 -842150347 -842150359 -842150346 -842150371 -842150352 - -842150451 -842150451 -842150451 -842150451 -842150451 -842150451 -842150451 -842150451 -842150451 -842150451 -842150451 
outfile 5.txt - -842150355 -842150371 -842150354 -842150353 -842150373 -842150380 -842150347 -842150359 -842150346 -842150371 -842150352 - -842150451 -842150451 -842150451 -842150451 -842150451 -842150451 -842150451 -842150451 -842150451 -842150451 -842150451 
outfile 6.txt - -842150355 -842150371 -842150354 -842150353 -842150373 -842150380 -842150347 -842150359 -842150346 -842150371 -842150352 - -842150451 -842150451 -842150451 -842150451 -842150451 -842150451 -842150451 -842150451 -842150451 -842150451 -842150451 
outfile 7.txt - -842150355 -842150371 -842150354 -842150353 -842150373 -842150380 -842150347 -842150359 -842150346 -842150371 -842150352 - -842150451 -842150451 -842150451 -842150451 -842150451 -842150451 -842150451 -842150451 -842150451 -842150451 -842150451 
outfile 8.txt - -842150355 -842150371 -842150354 -842150353 -842150373 -842150380 -842150347 -842150359 -842150346 -842150371 -842150352 - -842150451 -842150451 -842150451 -842150451 -842150451 -842150451 -842150451 -842150451 -842150451 -842150451 -842150451 
outfile 9.txt - -842150355 -842150371 -842150354 -842150353 -842150373 -842150380 -842150347 -842150359 -842150346 -842150371 -842150352 - -842150451 -842150451 -842150451 -842150451 -842150451 -842150451 -842150451 -842150451 -842150451 -842150451 -842150451 
